10,287
10,169
10,67
10,301
10,199
10,225
10,139
10,2
10,3
11,6
11,15
11,13
11,4
11,27
11,2
11,3
9,7
9,1
9,5
9,2
9,3
8,8
8,14
8,10
8,15
8,7
8,2
8,3
0,434
19,2
94,2
94,1
19,1
94,0
93,5
93,4
93,3
93,2
19,3
93,1
93,0
92,4
92,3
92,2
92,1
92,0
91,5
91,4
91,3
91,2
91,1
91,0
90,5
90,4
90,3
90,2
90,1
90,0
89,4
89,3
89,2
89,1
89,0
88,7
88,6
88,5
88,4
88,3
88,2
88,1
88,0
87,4
87,3
87,2
87,1
87,0
86,4
86,3
86,2
86,1
86,0
85,3
85,2
85,1
85,0
84,5
84,4
84,3
84,2
84,1
84,0
83,4
83,3
83,2
83,1
83,0
82,6
82,5
82,4
82,3
82,2
82,1
82,0
81,4
81,3
81,2
81,1
81,0
80,4
80,3
80,1
73,1
73,3
70,3
70,1
69,3
69,1
68,3
68,1
67,3
67,1
66,3
66,1
65,3
65,1
63,3
18,1
63,1
18,3
